up down i
0 0 inf1
1 1 02
2.5 2.5 -603
4.333333333333333 4.333333333333334 -76.923076923076934
6.416666666666666 6.416666666666667 -84.415584415584435
8.699999999999999 8.699999999999999 -88.505747126436796
11.15 11.15 -91.031390134529157
13.74285714285714 13.74285714285714 -92.723492723492718
16.46071428571429 16.46071428571428 -93.924929485788659
19.28968253968254 19.28968253968253 -94.8158815058629810
22.21865079365079 22.21865079365079 -95.4992766694647211
25.23852813852814 25.23852813852813 -96.0378038112553612
28.34173881673881 28.34173881673881 -96.4716349746000813
31.52187257187256 31.52187257187256 -96.8275996366652414
34.77343489843491 34.77343489843489 -97.1242415282793315
38.09166389166392 38.09166389166391 -97.374753691925616
41.47239288489293 41.47239288489292 -97.588757410802117
44.91194540753371 44.9119454075337 -97.7734208773947418
48.40705348573005 48.40705348573004 -97.9341853552503419
51.95479314287376 51.95479314287375 -98.0752497709883120
55.55253280001747 55.55253280001745 -98.1999020573915321
59.19789150478022 59.19789150478021 -98.3107506457062522
62.88870475499753 62.88870475499751 -98.4098893372095523
66.62299626608436 66.62299626608437 -98.4990167719174524
70.39895444383787 70.39895444383788 -98.5795243581383725
74.21491262159138 74.2149126215914 -98.6525619115139126
78.06933233780643 78.06933233780644 -98.7190872906751927
81.96078909105852 81.96078909105853 -98.7799043773370928
85.88796013002489 85.88796013002491 -98.8356924550471429
89.84961392761195 89.84961392761197 -98.8870291631907930
93.84460105853235 93.84460105853236 -98.9344085981288731
97.87184625396887 97.87184625396888 -98.9782557106309532
101.9303414494054 101.9303414494054 -99.0189378493386633
106.0191396751449 106.019139675145 -99.0567740852603634
110.1373496655904 110.1373496655904 -99.0920427965297135
114.2841310846072 114.2841310846073 -99.1249878784486136
118.4586902814019 118.4586902814019 -99.1558238592504637
122.6602765052235 122.6602765052235 -99.1847401387869938
126.8881785185189 126.8881785185189 -99.2119045196522839
131.1417215574552 131.1417215574553 -99.2374661639912740
135.4202645963915 135.4202645963916 -99.2615580814434541
139.7231978792303 139.7231978792304 -99.2842992322117542
144.0499406858786 144.0499406858787 -99.3057963125576243
148.3999393064804 148.3999393064805 -99.3261452769635644
152.7726651998095 152.7726651998095 -99.3454326409164645
157.1676133153607 157.1676133153608 -99.3637366001140446
161.5843005613468 161.5843005613469 -99.3811279954018347
166.0222644030775 166.0222644030776 -99.3976711475443648
170.4810615781416 170.4810615781417 -99.413424581743649
174.960266916471 174.9602669164711 -99.4284416584267350
179.4594722548004 179.4594722548005 -99.4427711240674351
183.9782854362671 183.9782854362672 -99.4564575935531552
188.5163293869645 188.5163293869646 -99.4695419737633153
193.0732412621903 193.0732412621904 -99.4820618365017454
197.6486716559345 197.6486716559346 -99.4940517476683555
202.2422838678606 202.2422838678607 -99.505543558510656
206.8537532226439 206.8537532226439 -99.516566663925357
211.4827664370762 211.4827664370763 -99.5271482320534858
216.1290210308189 216.129021030819 -99.5373134088006959
220.792224777104 220.792224777104 -99.5470855004022660
225.4720951900557 225.4720951900558 -99.5564861367181561
230.1683590456304 230.1683590456305 -99.5655354175759362
234.8807519334632 234.8807519334632 -99.5742520441678463
239.609017837169 239.609017837169 -99.5826534372427164
244.3529087408748 244.3529087408748 -99.5907558436063565
249.1121842599652 249.1121842599652 -99.5985744322500266
253.8866112942071 253.8866112942071 -99.6061233812597167
258.6759637015832 258.6759637015834 -99.6134159565156468
263.4800219913121 263.4800219913124 -99.6204645830670869
268.2985730346643 268.2985730346646 -99.6272809099620170
273.1314097923022 273.1314097923025 -99.6338758692161571
277.9783310569823 277.9783310569826 -99.6402597295273672
282.8391412105514 282.8391412105516 -99.6464421452703773
287.7136499942574 287.7136499942577 -99.6524322012460474
292.601672291477 292.6016722914773 -99.6582384536054375
297.5030279220298 297.5030279220301 -99.6638689673229876
302.4175414473195 302.4175414473198 -99.6693313505513377
307.3450419855963 307.3450419855965 -99.6746327861548678
312.2853630366935 312.2853630366938 -99.6797800606869279
317.2383423156388 317.238342315639 -99.6847795910480680
322.203821594584 322.2038215945843 -99.6896374490374881
327.1816465525417 327.181646552542 -99.6943593839885182
332.1716666324505 332.1716666324508 -99.6989508436593383
337.1737349051305 337.1737349051307 -99.703416993532784
342.1877079397152 342.1877079397154 -99.7077627346637985
347.2134456801822 347.2134456801825 -99.7119927202010586
352.250811327626 352.2508113276263 -99.7161113706933187
357.2996712279433 357.2996712279436 -99.7201228882850688
362.3598947646242 362.3598947646245 -99.7240312698928189
367.4313542563614 367.4313542563617 -99.727840319445990
372.5139248592096 372.5139248592099 -99.7315536592685491
377.6074844730469 377.6074844730472 -99.7351747406714792
382.7119136521015 382.7119136521018 -99.7387068538167593
387.8270955193282 387.8270955193285 -99.7421531369125694
392.9529156844272 392.9529156844275 -99.7455165847903295
398.0892621653157 398.089262165316 -99.7488000569117596
403.2360253128709 403.2360253128712 -99.7520062848492397
408.3930977387766 408.3930977387769 -99.755137879279498
413.560374246315 413.5603742463153 -99.7581973365262299
418.7377517639543 418.7377517639546 -99.76118704468676100
423.9251292815937 423.925129281594 -99.76410928937042101
429.122407789332 429.1224077893323 -99.76696625907947102
434.329490218639 434.3294902186393 -99.76976005025671103
439.5462813858101 439.5462813858103 -99.77249267202377104
444.7726879375965 444.7726879375967 -99.77516605063214105
450.0086182989066 450.0086182989069 -99.77778203364642106
455.253982622481 455.2539826224813 -99.78034239387885107
460.5086927404478 460.5086927404481 -99.78284883309178108
465.7726621176739 465.7726621176742 -99.78530298548371109
471.0458058068266 471.0458058068269 -99.78770642097389110
476.3280404050702 476.3280404050705 -99.79006064829832111
481.6192840123227 481.619284012323 -99.79236711793112
486.9194561910039 486.9194561910041 -99.79462722483461113
492.2284779272071 492.2284779272074 -99.79684231107254114
497.5462715932349 497.5462715932352 -99.79901366825692115
502.8727609114366 502.8727609114369 -99.80114253987684116
508.2078709192935 508.2078709192938 -99.80323012349437117
513.5515279356974 513.5515279356977 -99.80527757282323118
518.9036595283726 518.9036595283728 -99.80728599969623119
524.2641944823923 524.2641944823926 -99.80925647592869120
529.6330627697454 529.6330627697456 -99.81119003508387121
535.0101955199084 535.0101955199086 -99.81308767414647122
540.3955249913829 540.3955249913831 -99.81495035510967123
545.7889845441582 545.7889845441584 -99.81677900648087124
551.1905086130625 551.1905086130628 -99.81857452471088125
556.6000326819669 556.6000326819671 -99.8203377755511126
562.0174932588078 562.017493258808 -99.82206959534278127
567.4428278513967 567.4428278513969 -99.82377079224241128
572.8759749439856 572.8759749439859 -99.8254421473867129
578.316873974559 578.3168739745593 -99.82708441600067130
583.7654653128247 583.765465312825 -99.82869832845218131
589.2216902388767 589.2216902388769 -99.83028459125556132
594.6854909225044 594.6854909225046 -99.83184388802752133
600.1568104031246 600.1568104031248 -99.83337688039762134
605.6355925703119 605.6355925703122 -99.8348842088762135
611.1217821449067 611.1217821449069 -99.83636649368151136
616.6153246606779 616.6153246606781 -99.83782433552879137
622.116166446522 622.1161664465222 -99.83925831638298138
627.6242546091778 627.624254609178 -99.8406690001771139
633.1395370164379 633.1395370164381 -99.84205693349809140
638.6619622808408 638.6619622808411 -99.84342264624176141
644.1914797438253 644.1914797438255 -99.84476665223863142
649.7280394603309 649.7280394603312 -99.84608944985192143
655.2715921838295 655.2715921838297 -99.84739152254913144
660.8220893517725 660.8220893517728 -99.84867333944895145
666.3794830714397 666.3794830714399 -99.849935355844146
671.9437261061754 671.9437261061756 -99.85117801370144147
677.5147718619995 677.5147718619997 -99.85240174214186148
683.0925743745804 683.0925743745806 -99.85360695789801149
688.6770882965573 688.6770882965575 -99.85479406575392150
694.2682688852008 694.268268885201 -99.85596345896587151
699.8660719904005 699.8660719904008 -99.85711551966567152
705.4704540429688 705.470454042969 -99.85825061924722153
711.0813720432494 711.0813720432496 -99.85936911873723154
716.6987835500236 716.6987835500238 -99.86047136915086155
722.3226466697009 722.3226466697012 -99.86155771183275156
727.9529200457886 727.9529200457888 -99.86262847878447157
733.5895628486278 733.589562848628 -99.86368399297876158
739.2325347653911 739.2325347653913 -99.86472456866132159
744.8817959903304 744.8817959903306 -99.86575051164054160
750.5373072152697 750.5373072152699 -99.86676211956603161
756.1990296203332 756.1990296203335 -99.86775968219612162
761.8669248649029 761.8669248649031 -99.868743481655163
767.5409550787977 767.5409550787979 -99.86971379268002164
773.221082853668 773.2210828536682 -99.87067088285939165
778.907271234599 778.9072712345992 -99.87161501286094166
784.5994837119155 784.5994837119157 -99.87254643665213167
790.2976842131841 790.2976842131843 -99.87346540171184168
796.0018370954051 796.0018370954053 -99.87437214923413169
801.7119071373894 801.7119071373896 -99.87526691432458170
807.4278595323149 807.4278595323151 -99.8761499261892171
813.1496598804567 813.149659880457 -99.87702140831655172
818.877274182087 818.8772741820873 -99.87788157865309173
824.6106688305381 824.6106688305383 -99.87873064977222174
830.3498106054259 830.3498106054261 -99.87956882903717175
836.0946666660279 836.0946666660282 -99.8803963187581176
841.8452045448118 841.8452045448121 -99.88121331634353177
847.6013921411098 847.6013921411101 -99.88202001444645178
853.3631977149359 853.3631977149362 -99.88281660110519179
859.1305898809409 859.1305898809411 -99.88360325987946180
864.9035376025014 864.9035376025016 -99.88438016998153181
870.6820101859404 870.6820101859406 -99.88514750640292182
876.4659772748739 876.4659772748741 -99.88590544003671183
882.2554088446818 882.2554088446821 -99.88665413779562184
888.0502751970985 888.0502751970987 -99.88739376272612185
893.8505469549206 893.8505469549208 -99.88812447411858186
899.6561950568287 899.6561950568289 -99.88884642761377187
905.4671907523197 905.4671907523199 -99.88955977530573188
911.2835055967469 911.2835055967471 -99.89026466584129189
917.1051114464651 917.1051114464653 -99.89096124451618190
922.9319804540781 922.9319804540784 -99.89164965336798191
928.7640850637854 928.7640850637856 -99.89233003126611192
934.601398006826 934.6013980068262 -99.89300251399875193
940.4438922970169 940.4438922970171 -99.89366723435703194
946.2915412263829 946.2915412263832 -99.89432432221641195
952.1443183608773 952.1443183608775 -99.8949739046155196
958.002197536188 958.0021975361882 -99.89561610583236197
963.8651528536307 963.8651528536309 -99.89625104745834198
969.7331586761238 969.733158676124 -99.89687884846951199
975.6061896242451 975.6061896242453 -99.89749962529605200
981.4842205723663 981.4842205723666 -99.89811349188919201
987.3672266448657 987.3672266448659 -99.89872055978627202
993.2551832124145 993.2551832124147 -99.89932093817366203
999.1480658883378 999.148065888338 -99.89991473394781204
1005.045850525045 1005.045850525046 -99.90050205177432205
1010.948513210533 1010.948513210534 -99.90108299414537206
1016.856030264953 1016.856030264954 -99.90165766143519207
1022.768378237248 1022.768378237248 -99.90222615195404208
1028.685533901849 1028.68553390185 -99.90278856200044209
1034.607474255446 1034.607474255447 -99.90334498591177210
1040.534176513805 1040.534176513805 -99.90389551611366211
1046.465618108656 1046.465618108657 -99.90444024316758212
1052.40177668464 1052.40177668464 -99.90497925581712213
1058.342630096304 1058.342630096305 -99.90551264103303214
1064.288156405165 1064.288156405165 -99.90604048405676215
1070.238333876816 1070.238333876817 -99.90656286844285216
1076.193140978097 1076.193140978098 -99.90707987610006217
1082.152556374309 1082.15255637431 -99.90759158733127218
1088.116558926484 1088.116558926485 -99.90809808087232219
1094.085127688705 1094.085127688705 -99.9085994339296220
1100.058241905471 1100.058241905472 -99.90909572221672221
1106.035881009115 1106.035881009115 -99.90958701999006222
1112.018024617263 1112.018024617264 -99.91007340008326223
1118.004652530344 1118.004652530345 -99.9105549339409224
1123.99574472914 1123.99574472914 -99.91103169165106225
1129.991281372379 1129.99128137238 -99.9115037419771226
1135.99124279438 1135.991242794381 -99.91197115238849227
1141.995609502725 1141.995609502725 -99.91243398909081228
1148.004362175981 1148.004362175982 -99.91289231705495229
1154.017481661465 1154.017481661465 -99.91334620004544230
1160.034948973036 1160.034948973036 -99.91379570064809231
1166.056745288935 1166.056745288936 -99.9142408802968232
1172.082851949663 1172.082851949663 -99.91468179929976233
1178.113250455884 1178.113250455884 -99.91511851686478234
1184.147922466378 1184.147922466379 -99.9155510911241235
1190.186849796022 1190.186849796022 -99.91597957915845236
1196.230014413801 1196.230014413801 -99.91640403702046237
1202.277398440862 1202.277398440863 -99.91682451975755238
1208.328984148596 1208.328984148597 -99.91724108143411239
1214.384753956749 1214.384753956749 -99.91765377515311240
1220.444690431568 1220.444690431568 -99.91806265307723241
1226.50877628398 1226.50877628398 -99.91846776644931242
1232.576994367797 1232.576994367798 -99.91886916561245243
1238.649327677952 1238.649327677952 -99.91926690002938244
1244.725759348762 1244.725759348763 -99.91966101830151245
1250.806272652226 1250.806272652226 -99.92005156818736246
1256.89085099634 1256.89085099634 -99.92043859662063247
1262.97947792345 1262.97947792345 -99.92082214972774248
1269.072137108624 1269.072137108624 -99.92120227284495249
1275.168812358055 1275.168812358056 -99.92157901053505250
1281.269487607487 1281.269487607487 -99.92195240660364251
1287.374146920663 1287.374146920664 -99.92232250411494252
1293.482774487808 1293.482774487808 -99.92268934540735253
1299.595354624122 1299.595354624123 -99.92305297210848254
1305.711871768311 1305.711871768312 -99.92341342514982255
1311.832310481127 1311.832310481128 -99.92377074478118256
1317.956655443943 1317.956655443944 -99.92412497058466257
1324.084891457343 1324.084891457344 -99.92447614148826258
1330.217003439735 1330.217003439736 -99.92482429577927259
1336.352976425989 1336.352976425989 -99.92516947111729260
1342.492795566088 1342.492795566088 -99.92551170454678261
1348.636446123812 1348.636446123812 -99.92585103250964262
1354.783913475428 1354.783913475429 -99.92618749085717263
1360.935183108414 1360.935183108414 -99.92652111486196264
1367.090240620187 1367.090240620188 -99.92685193922928265
1373.249071716867 1373.249071716867 -99.92717999810847266
1379.411662212042 1379.411662212043 -99.92750532510389267
1385.57799802557 1385.57799802557 -99.9278279532856268
1391.748065182381 1391.748065182381 -99.92814791519983269
1397.92184981131 1397.921849811311 -99.92846524287931270
1404.099338143944 1404.099338143945 -99.92877996785316271
1410.280516513478 1410.280516513479 -99.92909212115674272
1416.465371353601 1416.465371353601 -99.92940173334107273
1422.653889197386 1422.653889197386 -99.92970883448231274
1428.846056676208 1428.846056676208 -99.93001345419074275
1435.041860518666 1435.041860518666 -99.9303156216197276
1441.24128754953 1441.24128754953 -99.93061536547432277
1447.444324688697 1447.444324688698 -99.93091271401995278
1453.650958950167 1453.650958950167 -99.93120769509059279
1459.861177441027 1459.861177441027 -99.93150033609686280
1466.074967360458 1466.074967360459 -99.93179066403405281
1472.292315998751 1472.292315998752 -99.93207870548987282
1478.513210736335 1478.513210736335 -99.93236448665201283
1484.737639042823 1484.737639042824 -99.93264803331556284
1490.965588476072 1490.965588476072 -99.93292937089034285
1497.19704668125 1497.197046681251 -99.93320852440792286
1503.432001389926 1503.432001389926 -99.93348551852861287
1509.670440419158 1509.670440419158 -99.93376037754823288
1515.912351670613 1515.912351670613 -99.93403312540481289
1522.15772312968 1522.15772312968 -99.934303785685290
1528.406542864609 1528.406542864609 -99.93457238163053291
1534.658799025655 1534.658799025656 -99.93483893614435292
1540.914479844235 1540.914479844236 -99.93510347179678293
1547.173573632099 1547.173573632099 -99.93536601083149294
1553.436068780507 1553.436068780507 -99.93562657517123295
1559.701953759423 1559.701953759424 -99.93588518642365296
1565.971217116718 1565.971217116718 -99.93614186588687297
1572.243847477379 1572.24384747738 -99.93639663455487298
1578.519833542739 1578.519833542739 -99.93664951312299299
1584.799164089704 1584.799164089704 -99.93690052199302300
1591.081827970002 1591.081827970003 -99.93714968127847301
1597.367814109437 1597.367814109437 -99.93739701080949302
1603.657111507149 1603.65711150715 -99.93764253013789303
1609.949709234895 1609.949709234896 -99.93788625854191304
1616.245596436325 1616.245596436326 -99.93812821503091305
1622.54476232628 1622.54476232628 -99.93836841835008306
1628.84719619009 1628.847196190091 -99.93860688698494307
1635.152887382892 1635.152887382892 -99.93884363916575308
1641.461825328939 1641.46182532894 -99.93907869287187309
1647.773999520942 1647.773999520942 -99.93931206583608310
1654.089399519396 1654.089399519396 -99.93954377554864311
1660.408014951933 1660.408014951934 -99.93977383926152312
1666.729835512676 1666.729835512677 -99.94000227399231313
1673.054850961598 1673.054850961598 -99.94022909652814314
1679.383051123895 1679.383051123896 -99.94045432342965315
1685.714425889367 1685.714425889368 -99.94067797103463316
1692.048965211801 1692.048965211802 -99.9409000554618317
1698.386659108368 1698.386659108368 -99.94112059261437318
1704.727497659022 1704.727497659023 -99.9413395981837319
1711.071471005915 1711.071471005916 -99.94155708765271320
1717.418569352808 1717.418569352808 -99.94177307629926321
1723.768782964498 1723.768782964499 -99.94198757919959322
1730.122102166251 1730.122102166251 -99.94220061123157323
1736.478517343236 1736.478517343236 -99.94241218707793324
1742.838018939973 1742.838018939974 -99.94262232122938325
1749.200597459788 1749.200597459788 -99.94283102798776326
1755.566243464265 1755.566243464266 -99.94303832146907327
1761.934947572718 1761.934947572718 -99.94324421560641328
1768.306700461658 1768.306700461659 -99.94344872415297329
1774.681492864277 1774.681492864277 -99.94365186068484330
1781.059315569926 1781.059315569926 -99.94385363860387331
1787.44015942361 1787.440159423611 -99.94405407114037332
1793.824015325488 1793.824015325488 -99.94425317135594333
1800.210874230368 1800.210874230369 -99.94445095214598334
1806.600727147225 1806.600727147225 -99.9446474262424335
1812.993565138708 1812.993565138708 -99.94484260621614336
1819.389379320667 1819.389379320668 -99.94503650447972337
1825.788160861677 1825.788160861678 -99.94522913328962338
1832.189900982569 1832.189900982569 -99.94542050474881339
1838.594590955967 1838.594590955968 -99.94561063080907340
1845.002222105837 1845.002222105837 -99.94579952327331341
1851.412785807026 1851.412785807026 -99.94598719379786342
1857.826273484823 1857.826273484823 -99.94617365389479343
1864.242676614515 1864.242676614515 -99.946358914934344
1870.661986720951 1870.661986720952 -99.94654298814547345
1877.084195378112 1877.084195378113 -99.94672588462137346
1883.509294208684 1883.509294208684 -99.94690761531815347
1889.937274883635 1889.937274883636 -99.94708819105855348
1896.368129121806 1896.368129121806 -99.94726762253367349
1902.801848689489 1902.801848689489 -99.94744592030493350
1909.238425400029 1909.238425400029 -99.94762309480598351
1915.677851113418 1915.677851113419 -99.94779915634466352
1922.120117735898 1922.120117735899 -99.94797411510487353
1928.565217219568 1928.565217219569 -99.94814798114832354
1935.013141561996 1935.013141561996 -99.94832076441649355
1941.463882805831 1941.463882805832 -99.94849247473229356
1947.917433038431 1947.917433038431 -99.94866312180186357
1954.373784391478 1954.373784391479 -99.9488327152162358
1960.832929040615 1960.832929040616 -99.94900126445302359
1967.294859205073 1967.294859205073 -99.94916877887825360
1973.759567147308 1973.759567147308 -99.94933526774768361
1980.227045172645 1980.227045172646 -99.94950074020869362
1986.697285628922 1986.697285628922 -99.94966520530161363
1993.170280906135 1993.170280906135 -99.9498286719615364
1999.646023436095 1999.646023436096 -99.9499911490194365
2006.124505692083 2006.124505692083 -99.95015264520411366
2012.605720188508 2012.605720188508 -99.95031316914343367
2019.089659480573 2019.089659480573 -99.95047272936573368
2025.576316163942 2025.576316163943 -99.95063133430128369
2032.065682874412 2032.065682874412 -99.95078899228371370
2038.557752287584 2038.557752287584 -99.95094571155134371
2045.052517118546 2045.052517118546 -99.95110150024858372
2051.549970121553 2051.549970121552 -99.9512563664271373
2058.050104089707 2058.050104089706 -99.95141031804748374
2064.552911854653 2064.552911854652 -99.95156336298375
2071.058386286265 2071.058386286265 -99.95171550900629376
2077.566520292346 2077.566520292345 -99.95186676382039377
2084.07730681832 2084.077306818319 -99.95201713503378
2090.59073884694 2090.590738846939 -99.95216663015773379
2097.106809397987 2097.106809397986 -99.95231525664218380
2103.625511527981 2103.625511527981 -99.95246302183915381
2110.146838329892 2110.146838329891 -99.95260993302284382
2116.67078293285 2116.670782932849 -99.95275599738683383
2123.197338501865 2123.197338501864 -99.95290122204531384
2129.726498237547 2129.726498237546 -99.95304561403408385
2136.258255375826 2136.258255375825 -99.95318918031167386
2142.79260318768 2142.79260318768 -99.95333192776037387
2149.329534978863 2149.329534978862 -99.95347386318726388
2155.869044089633 2155.869044089633 -99.9536149933252389
2162.411123894491 2162.41112389449 -99.95375532483388390
2168.955767801913 2168.955767801912 -99.95389486430078391
2175.502969254092 2175.502969254091 -99.95403361824215392
2182.052721726679 2182.052721726678 -99.95417159310387393
2188.605018728528 2188.605018728527 -99.95430879526256394
2195.159853801443 2195.159853801442 -99.95444523102638395
2201.717220519927 2201.717220519926 -99.95458090663593396
2208.277112490937 2208.277112490936 -99.95471582826519397
2214.839523353634 2214.839523353633 -99.95485000202241398
2221.404446779145 2221.404446779144 -99.95498343395096399
2227.97187647032 2227.971876470319 -99.95511613003009400
2234.541806161496 2234.541806161495 -99.95524809617598401
2241.114229618257 2241.114229618256 -99.95537933824234402
2247.689140637207 2247.689140637206 -99.95550986202134403
2254.266533045736 2254.266533045735 -99.95563967324441404
2260.846400701789 2260.846400701788 -99.955768777583405
2267.428737493644 2267.428737493643 -99.95589718064937406
2274.013537339687 2274.013537339686 -99.95602488799733407
2280.600794188187 2280.600794188186 -99.95615190512301408
2287.190502017078 2287.190502017078 -99.95627823746561409
2293.782654833745 2293.782654833744 -99.95640389040813410
2300.377246674802 2300.377246674801 -99.956528869278411
2306.974271605884 2306.974271605883 -99.956653179348412
2313.573723721431 2313.57372372143 -99.95677682583668413
2320.175597144484 2320.175597144483 -99.95689981390927414
2326.779886026475 2326.779886026474 -99.95702214867825415
2333.38658454702 2333.386584547019 -99.95714383520401416
2339.995686913718 2339.995686913717 -99.95726487849558417
2346.607187361952 2346.607187361951 -99.95738528351117418
2353.221080154683 2353.221080154682 -99.9575050551589419
2359.837359582259 2359.837359582258 -99.95762419829738420
2366.456019962216 2366.456019962215 -99.95774271773634421
2373.077055639085 2373.077055639084 -99.95786061823722422
2379.700460984201 2379.7004609842 -99.95797790451377423
2386.326230395511 2386.32623039551 -99.95809458123271424
2392.954358297387 2392.954358297386 -99.95821065301419425
2399.584839140439 2399.584839140438 -99.95832612443246426
2406.217667401331 2406.21766740133 -99.95844100001639427
2412.852837582599 2412.852837582598 -99.95855528425004428
2419.490344212464 2419.490344212463 -99.95866898157321429
2426.130181844661 2426.13018184466 -99.95878209638195430
2432.772345058253 2432.772345058252 -99.95889463302917431
2439.41682845746 2439.416828457459 -99.95900659582506432
2446.063626671481 2446.063626671481 -99.95911798903769433
2452.712734354325 2452.712734354324 -99.95922881689346434
2459.364146184635 2459.364146184634 -99.95933908357767435
2466.017856865519 2466.017856865518 -99.95944879323494436
2472.673861124385 2472.673861124384 -99.95955794996975437
2479.33215371277 2479.332153712769 -99.9596665578469438
2485.992729406178 2485.992729406177 -99.95977462089201439
2492.655583003914 2492.655583003913 -99.95988214309192440
2499.320709328923 2499.320709328922 -99.95998912839524441
2505.988103227628 2505.988103227627 -99.96009558071273442
2512.657759569772 2512.657759569771 -99.96020150391783443
2519.329673248259 2519.329673248259 -99.96030690184696444
2526.003839178999 2526.003839178998 -99.96041177830016445
2532.68025230075 2532.680252300749 -99.96051613704128446
2539.358907574966 2539.358907574966 -99.96061998179864447
2546.039799985649 2546.039799985648 -99.96072331626526448
2552.722924539188 2552.722924539187 -99.96082614409939449
2559.40827626422 2559.408276264219 -99.96092846892483450
2566.095850211474 2566.095850211473 -99.96103029433142451
2572.785641453628 2572.785641453627 -99.96113162387536452
2579.477645085162 2579.477645085161 -99.96123246107962453
2586.171856222216 2586.171856222215 -99.96133280943434454
2592.868270002441 2592.86827000244 -99.96143267239719455
2599.566881584864 2599.566881584863 -99.96153205339378456
2606.267686149743 2606.267686149742 -99.96163095581795457
2612.970678898429 2612.970678898429 -99.96172938303225458
2619.675855053229 2619.675855053229 -99.96182733836815459
2626.383209857267 2626.383209857266 -99.96192482512652460
2633.092738574348 2633.092738574347 -99.96202184657794461
2639.804436488826 2639.804436488825 -99.96211840596303462
2646.518298905468 2646.518298905467 -99.96221450649276463
2653.234321149324 2653.234321149323 -99.96231015134887464
2659.952498565594 2659.952498565593 -99.96240534368414465
2666.672826519499 2666.672826519498 -99.9625000866227466
2673.39530039615 2673.395300396149 -99.9625943832604467
2680.119915600425 2680.119915600424 -99.96268823666507468
2686.846667556836 2686.846667556835 -99.96278164987694469
2693.575551709409 2693.575551709408 -99.96287462590881470
2700.306563521557 2700.306563521556 -99.96296716774644471
2707.039698475955 2707.039698475954 -99.96305927834882472
2713.774952074421 2713.77495207442 -99.96315096064851473
2720.512319837792 2720.512319837791 -99.96324221755187474
2727.251797305804 2727.251797305803 -99.96333305193936475
2733.993380036974 2733.993380036974 -99.96342346666592476
2740.737063608481 2740.73706360848 -99.96351346456109477
2747.482843616046 2747.482843616045 -99.96360304842942478
2754.23071567382 2754.230715673819 -99.96369222105069479
2760.980675414266 2760.980675414265 -99.96378098518018480
2767.732718488046 2767.732718488045 -99.96386934354892481
2774.486840563904 2774.486840563903 -99.96395729886405482
2781.243037328559 2781.243037328558 -99.96404485380891483
2788.001304486589 2788.001304486588 -99.96413201104349484
2794.761637760321 2794.76163776032 -99.96421877320449485
2801.524032889723 2801.524032889723 -99.96430514290576486
2808.288485632294 2808.288485632293 -99.96439112273838487
2815.054991762956 2815.054991762955 -99.96447671527103488
2821.823547073945 2821.823547073944 -99.96456192305016489
2828.594147374709 2828.594147374708 -99.96464674860022490
2835.3667884918 2835.366788491799 -99.96473119442395491
2842.141466268768 2842.141466268767 -99.96481526300259492
2848.918176566062 2848.918176566061 -99.96489895679608493
2855.696915260922 2855.696915260921 -99.9649822782433494
2862.47767824728 2862.477678247279 -99.9650652297623495
2869.260461435657 2869.260461435656 -99.96514781375056496
2876.045260753067 2876.045260753066 -99.96523003258513497
2882.832072142912 2882.832072142911 -99.96531188862285498
2889.620891564885 2889.620891564884 -99.96539338420067499
2896.411714994875 2896.411714994874 -99.96547452163573500
2903.204538424864 2903.204538424863 -99.9655553032256501
2909.999357862837 2909.999357862836 -99.96563573124857502
2916.796169332683 2916.796169332682 -99.96571580796372503
2923.594968874099 2923.594968874098 -99.96579553561121504
2930.395752542499 2930.395752542498 -99.96587491641246505
2937.198516408919 2937.198516408918 -99.9659539525703506
2944.003256559924 2944.003256559923 -99.96603264626923507
2950.809969097516 2950.809969097515 -99.96611099967556508
2957.618650139045 2957.618650139044 -99.96618901493761509
2964.429295817117 2964.429295817116 -99.96626669418589510
2971.241902279502 2971.241902279501 -99.96634403953331511
2978.05646568905 2978.056465689049 -99.96642105307532512
2984.872982223597 2984.872982223596 -99.9664977368901513
2991.691448075884 2991.691448075883 -99.96657409303877514
2998.511859453462 2998.511859453461 -99.96665012356553515
3005.334212578613 3005.334212578612 -99.96672583049781516
3012.15850368826 3012.158503688259 -99.96680121584649517
3018.984729033884 3018.984729033883 -99.96687628160608518
3025.812884881439 3025.812884881438 -99.96695102975477519
3032.642967511267 3032.642967511266 -99.96702546225474520
3039.474973218018 3039.474973218018 -99.96709958105224521
3046.308898310566 3046.308898310565 -99.96717338807777522
3053.144739111926 3053.144739111925 -99.9672468852462523
3059.982491959176 3059.982491959175 -99.96732007445701524
3066.822153203371 3066.82215320337 -99.96739295759434525
3073.663719209472 3073.663719209471 -99.96746553652727526
3080.507186356257 3080.507186356256 -99.96753781310981527
3087.352551036248 3087.352551036247 -99.96760978918118528
3094.199809655634 3094.199809655633 -99.96768146656592529
3101.048958634188 3101.048958634187 -99.967752847074530
3107.899994405194 3107.899994405193 -99.96782393250101531
3114.752913415372 3114.752913415371 -99.96789472462827532
3121.607712124799 3121.607712124798 -99.96796522522298533
3128.464387006833 3128.464387006832 -99.96803543603839534
3135.322934548043 3135.322934548042 -99.96810535881386535
3142.183351248131 3142.18335124813 -99.96817499527506536
3149.045633619862 3149.045633619861 -99.9682443471341537
3155.909778188985 3155.909778188984 -99.96831341608964538
3162.775781494168 3162.775781494167 -99.96838220382703539
3169.64364008692 3169.643640086919 -99.96845071201842540
3176.513350531524 3176.513350531523 -99.96851894232293541
3183.384909404964 3183.384909404963 -99.96858689638673542
3190.258313296853 3190.258313296853 -99.96865457584319543
3197.133558809369 3197.133558809368 -99.96872198231301544
3204.010642557179 3204.010642557178 -99.96878911740434545
3210.889561167375 3210.889561167374 -99.96885598271285546
3217.770311279402 3217.770311279401 -99.96892257982195547
3224.652889544993 3224.652889544992 -99.96898891030278548
3231.537292628103 3231.537292628102 -99.96905497571443549
3238.423517204838 3238.423517204837 -99.96912077760403550
3245.311559963392 3245.311559963391 -99.96918631750684551
3252.201417603977 3252.201417603977 -99.96925159694636552
3259.093086838766 3259.093086838765 -99.96931661743449553
3265.986564391819 3265.986564391818 -99.96938138047156554
3272.881846999024 3272.881846999023 -99.96944588754654555
3279.77893140803 3279.778931408029 -99.96951014013705556
3286.677814378188 3286.677814378187 -99.96957413970952557
3293.578492680481 3293.57849268048 -99.96963788771929558
3300.480963097471 3300.48096309747 -99.9697013856107559
3307.385222423226 3307.385222423225 -99.96976463481722560
3314.291267463266 3314.291267463265 -99.96982763676149561
3321.199095034501 3321.1990950345 -99.96989039285552562
3328.108701965167 3328.108701965166 -99.96995290450067563
3335.020085094767 3335.020085094766 -99.97001517308786564
3341.933241274012 3341.933241274011 -99.97007719999758565
3348.848167364761 3348.84816736476 -99.97013898660005566
3355.764860239963 3355.764860239962 -99.97020053425527567
3362.683316783594 3362.683316783593 -99.97026184431314568
3369.603533890606 3369.603533890605 -99.97032291811357569
3376.525508466862 3376.525508466862 -99.97038375698648570
3383.449237429083 3383.449237429083 -99.97044436225202571
3390.37471770479 3390.374717704789 -99.9705047352206572
3397.301946232245 3397.301946232244 -99.97056487719291573
3404.230919960397 3404.230919960396 -99.97062478946015574
3411.161635848829 3411.161635848828 -99.970684473304575
3418.094090867696 3418.094090867695 -99.97074392999676576
3425.028281997674 3425.028281997673 -99.97080316080141577
3431.964206229905 3431.964206229904 -99.97086216697174578
3438.901860565942 3438.901860565941 -99.97092094975237579
3445.841242017696 3445.841242017695 -99.97097951037885580
3452.782347607381 3452.78234760738 -99.97103785007782581
3459.725174367461 3459.725174367461 -99.97109597006694582
3466.6697193406 3466.669719340599 -99.97115387155512583
3473.615979579605 3473.615979579604 -99.9712115557425584
3480.563952147377 3480.563952147376 -99.97126902382058585
3487.513634116859 3487.513634116858 -99.97132627697228586
3494.465022570982 3494.465022570981 -99.97138331637198587
3501.418114602617 3501.418114602616 -99.97144014318569588
3508.372907314525 3508.372907314524 -99.97149675857102589
3515.329397819302 3515.329397819301 -99.97155316367731590
3522.287583239334 3522.287583239333 -99.97160935964573591
3529.247460706742 3529.247460706742 -99.97166534760925592
3536.20902736334 3536.209027363339 -99.97172112869282593
3543.172280360579 3543.172280360578 -99.97177670401342594
3550.137216859501 3550.1372168595 -99.97183207468005595
3557.103834030692 3557.103834030691 -99.97188724179389596
3564.072129054232 3564.072129054231 -99.97194220644839597
3571.042099119648 3571.042099119647 -99.97199696972916598
3578.013741425867 3578.013741425866 -99.97205153271427599
3584.987053181168 3584.987053181167 -99.97210589647419600
3591.962031603135 3591.962031603134 -99.97216006207185601
3598.938673918612 3598.938673918612 -99.97221403056274602
3605.916977363659 3605.916977363658 -99.97226780299495603
3612.896939183498 3612.896939183497 -99.97232138040928604
3619.878556632475 3619.878556632475 -99.97237476383928605
3626.861826974015 3626.861826974015 -99.97242795431126606
3633.846747480572 3633.846747480571 -99.97248095284441607
3640.833315433586 3640.833315433586 -99.97253376045089608
3647.821528123443 3647.821528123442 -99.9725863781358609
3654.811382849424 3654.811382849423 -99.97263880689729610
3661.802876919668 3661.802876919667 -99.97269104772668611
3668.796007651123 3668.796007651122 -99.97274310160839612
3675.790772369506 3675.790772369505 -99.97279496952008613
3682.78716840926 3682.787168409259 -99.97284665243274614
3689.785193113508 3689.785193113507 -99.97289815131062615
3696.784843834017 3696.784843834016 -99.97294946711143616
3703.786117931149 3703.786117931148 -99.97300060078632617
3710.789012773824 3710.789012773823 -99.97305155327994618
3717.793525739476 3717.793525739475 -99.97310232553052619
3724.799654214014 3724.799654214013 -99.97315291846986620
3731.807395591777 3731.807395591776 -99.97320333302351621
3738.816747275499 3738.816747275498 -99.97325357011067622
3745.827706676262 3745.827706676261 -99.97330363064434623
3752.840271213461 3752.84027121346 -99.97335351553139624
3759.854438314763 3759.854438314762 -99.97340322567251625
3766.870205416065 3766.870205416064 -99.97345276196235626
3773.887569961457 3773.887569961456 -99.97350212528957627
3780.90652940318 3780.906529403179 -99.97355131653681628
3787.927081201592 3787.927081201591 -99.97360033658083629
3794.949222825122 3794.949222825121 -99.9736491862925630
3801.97295175024 3801.972951750239 -99.97369786653688631
3808.998265461411 3808.99826546141 -99.97374637817327632
3816.025161451064 3816.025161451063 -99.97379472205522633
3823.053637219548 3823.053637219547 -99.97384289903063634
3830.083690275098 3830.083690275098 -99.97389090994173635
3837.115318133798 3837.115318133797 -99.97393875562523636
3844.148518319542 3844.148518319541 -99.97398643691223637
3851.183288363998 3851.183288363997 -99.97403395462838638
3858.219625806574 3858.219625806573 -99.97408130959387639
3865.257528194376 3865.257528194375 -99.97412850262353640
3872.296993082179 3872.296993082178 -99.97417553452674641
3879.338018032384 3879.338018032383 -99.97422240610763642
3886.380600614988 3886.380600614987 -99.97426911816505643
3893.424738407545 3893.424738407544 -99.9743156714926644
3900.470428995133 3900.470428995132 -99.97436206687873645
3907.517669970318 3907.517669970317 -99.97440830510669646
3914.56645893312 3914.566458933119 -99.97445438695468647
3921.616793490975 3921.616793490974 -99.9745003131958648
3928.668671258707 3928.668671258706 -99.97454608459816649
3935.722089858488 3935.722089858487 -99.97459170192484650
3942.777046919808 3942.777046919807 -99.97463716593404651
3949.833540079438 3949.833540079437 -99.97468247737902652
3956.8915669814 3956.891566981399 -99.97472763700816653
3963.951125276929 3963.951125276928 -99.97477264556507654
3971.012212624447 3971.012212624446 -99.97481750378854655
3978.074826689522 3978.074826689521 -99.9748622124126656
3985.13896514484 3985.138965144839 -99.97490677216662657
3992.204625670174 3992.204625670173 -99.97495118377523658
3999.271805952347 3999.271805952346 -99.97499544795849659
4006.340503685203 4006.340503685202 -99.97503956543183660
4013.410716569575 4013.410716569574 -99.9750835369061661
4020.48244231325 4020.482442313249 -99.97512736308765662
4027.555678630943 4027.555678630943 -99.97517104467836663
4034.630423244263 4034.630423244262 -99.97521458237563664
4041.706673881679 4041.706673881678 -99.97525797687241665
4048.784428278493 4048.784428278492 -99.97530122885732666
4055.863684176809 4055.863684176808 -99.9753443390146667
4062.944439325499 4062.944439325498 -99.97538730802415668
4070.026691480178 4070.026691480177 -99.97543013656166669
4077.110438403167 4077.110438403166 -99.97547282529848670
4084.195677863469 4084.195677863469 -99.97551537490182671
4091.282407636738 4091.282407636737 -99.97555778603467672
4098.370625505248 4098.370625505243 -99.97560005935576673
4105.460329257855 4105.46032925785 -99.97564219552674
4112.551516689988 4112.551516689983 -99.97568419517795675
4119.644185603602 4119.644185603597 -99.97572605897618676
4126.738333807157 4126.738333807152 -99.97576778755725677
4133.833959115586 4133.833959115582 -99.97580938155971678
4140.93105935027 4140.931059350265 -99.97585084161817679
4148.029632339003 4148.029632338998 -99.9758921683633680
4155.129675915971 4155.129675915967 -99.97593336242186681
4162.23118792172 4162.231187921716 -99.97597442441673682
4169.33416620313 4169.334166203125 -99.97601535496698683
4176.438608613383 4176.438608613378 -99.97605615468783684
4183.54451301194 4183.544513011935 -99.97609682419072685
4190.651877264511 4190.651877264507 -99.97613736408339686
4197.76069924303 4197.760699243026 -99.97617777496977687
4204.870976825625 4204.87097682562 -99.97621805745014688
4211.982707896592 4211.982707896587 -99.97625821212111689
4219.095890346369 4219.095890346364 -99.97629823957563690
4226.210522071508 4226.210522071504 -99.97633814040304691
4233.326600974651 4233.326600974647 -99.97637791518909692
4240.4441249645 4240.444124964495 -99.97641756451601693
4247.563091955791 4247.563091955786 -99.97645708896241694
4254.683499869272 4254.683499869268 -99.97649648910347695
4261.805346631674 4261.80534663167 -99.97653576551086696
4268.928630175686 4268.928630175681 -99.97657491875277697
4276.053348439927 4276.053348439922 -99.97661394939402698
4283.179499368924 4283.179499368919 -99.97665285799599699
4290.307080913085 4290.30708091308 -99.97669164511666700
4297.436091028675 4297.43609102867 -99.97673031131069701
4304.566527677789 4304.566527677785 -99.9767688571294702
4311.698388828328 4311.698388828323 -99.97680728312083703
4318.831672453973 4318.831672453968 -99.97684558982971704
4325.966376534163 4325.966376534158 -99.97688377779751705
4333.102499054069 4333.102499054065 -99.97692184756251706
4340.24003800457 4340.240038004566 -99.97695979965974707
4347.378991382228 4347.378991382224 -99.97699763462107708
4354.519357189265 4354.519357189261 -99.97703535297521709
4361.661133433538 4361.661133433533 -99.97707295524773710
4368.804318128514 4368.804318128509 -99.97711044196109711
4375.948909293251 4375.948909293246 -99.97714781363463712
4383.09490495237 4383.094904952365 -99.97718507078469713
4390.242303136033 4390.242303136029 -99.97722221392451714
4397.391101879921 4397.391101879916 -99.97725924356428715
4404.541299225207 4404.541299225202 -99.97729616021127716
4411.692893218537 4411.692893218533 -99.97733296436971717
4418.845881912008 4418.845881912003 -99.97736965654092718
4426.000263363138 4426.000263363134 -99.97740623722321719
4433.156035634853 4433.156035634848 -99.97744270691204720
4440.313196795456 4440.313196795451 -99.97747906609997721
4447.471744918611 4447.471744918606 -99.97751531527666722
4454.631678083318 4454.631678083313 -99.97755145492894723
4461.792994373889 4461.792994373885 -99.97758748554078724
4468.95569187993 4468.955691879925 -99.97762340759337725
4476.119768696315 4476.119768696311 -99.97765922156512726
4483.285222923168 4483.285222923164 -99.97769492793161727
4490.452052665841 4490.452052665836 -99.97773052716572728
4497.620256034887 4497.620256034882 -99.9777660197376729
4504.789831146045 4504.78983114604 -99.97780140611465730
4511.960776120217 4511.960776120212 -99.97783668676161731
4519.133089083445 4519.133089083441 -99.97787186214055732
4526.306768166892 4526.306768166887 -99.97790693271085733
4533.481811506818 4533.481811506814 -99.97794189892929734
4540.658217244565 4540.658217244561 -99.97797676125002735
4547.835983526529 4547.835983526525 -99.97801152012458736
4555.015108504145 4555.015108504141 -99.97804617600198737
4562.195590333865 4562.19559033386 -99.97808072932858738
4569.377427177134 4569.37742717713 -99.9781151805483739
4576.560617200377 4576.560617200373 -99.97814953010244740
4583.745158574971 4583.745158574967 -99.97818377842988741
4590.931049477231 4590.931049477226 -99.97821792596693742
4598.118288088385 4598.118288088381 -99.97825197314747743
4605.30687259456 4605.306872594555 -99.97828592040293744
4612.496801186755 4612.49680118675 -99.97831976816228745
4619.68807206083 4619.688072060825 -99.9783535168521746
4626.880683417478 4626.880683417474 -99.97838716689651747
4634.074633462213 4634.074633462208 -99.9784207187173748
4641.269920405342 4641.269920405338 -99.97845417273389749
4648.466542461957 4648.466542461952 -99.97848752936329750
4655.664497851905 4655.664497851901 -99.97852078902022751
4662.863784799776 4662.863784799772 -99.97855395211705752
4670.064401534881 4670.064401534876 -99.97858701906389753
4677.266346291233 4677.266346291229 -99.97861999026851754
4684.469617307533 4684.469617307528 -99.97865286613644755
4691.674212827143 4691.674212827139 -99.97868564707092756
4698.880131098077 4698.880131098073 -99.97871833347298757
4706.087370372974 4706.087370372969 -99.97875092574141758
4713.295928909085 4713.29592890908 -99.97878342427279759
4720.505804968253 4720.505804968248 -99.9788158294615760
4727.716996816895 4727.71699681689 -99.97884814169973761
4734.929502725983 4734.929502725979 -99.97888036137753762
4742.143320971029 4742.143320971025 -99.97891248888277763
4749.358449832065 4749.358449832061 -99.9789445246012764
4756.574887593624 4756.57488759362 -99.97897646891647765
4763.792632544726 4763.792632544722 -99.97900832221006766
4771.011682978857 4771.011682978852 -99.97904008486141767
4778.232037193952 4778.232037193948 -99.97907175724787768
4785.453693492381 4785.453693492376 -99.97910333974468769
4792.676650180926 4792.676650180922 -99.97913483272511770
4799.90090557077 4799.900905570766 -99.97916623656035771
4807.126457977475 4807.126457977471 -99.97919755161954772
4814.353305720968 4814.353305720963 -99.97922877826984773
4821.581447125522 4821.581447125517 -99.97925991687643774
4828.81088051974 4828.810880519735 -99.97929096780247775
4836.041604236539 4836.041604236534 -99.97932193140919776
4843.273616613132 4843.273616613127 -99.97935280805581777
4850.506915991012 4850.506915991007 -99.97938359809966778
4857.741500715935 4857.741500715931 -99.97941430189611779
4864.977369137906 4864.977369137901 -99.97944491979864780
4872.214519611159 4872.214519611154 -99.97947545215878781
4879.452950494143 4879.452950494138 -99.9795058993262782
4886.692660149505 4886.692660149501 -99.97953626164872783
4893.933646944076 4893.933646944071 -99.9795665394722784
4901.175909248851 4901.175909248846 -99.97959673314077785
4908.419445438976 4908.419445438972 -99.97962684299661786
4915.664253893732 4915.664253893728 -99.97965686938012787
4922.910332996518 4922.910332996514 -99.97968681262988788
4930.157681134838 4930.157681134833 -99.97971667308266789
4937.40629670028 4937.406296700276 -99.97974645107345790
4944.656178088508 4944.656178088503 -99.97977614693544791
4951.907323699238 4951.907323699234 -99.97980576100004792
4959.159731936231 4959.159731936226 -99.97983529359692793
4966.413401207272 4966.413401207267 -99.97986474505402794
4973.668329924157 4973.668329924152 -99.9798941156975795
4980.924516502677 4980.924516502672 -99.97992340585184796
4988.181959362604 4988.1819593626 -99.97995261583978797
4995.440656927676 4995.440656927672 -99.97998174598234798
5002.70060762558 5002.700607625576 -99.98001079659893799
5009.96180988794 5009.961809887935 -99.9800397680072800
5017.2242621503 5017.224262150296 -99.98006866052313801
5024.487962852111 5024.487962852107 -99.98009747446112802
5031.752910436715 5031.75291043671 -99.98012621013385803
5039.019103351331 5039.019103351327 -99.98015486785236804
5046.286540047042 5046.286540047037 -99.98018344792614805
5053.555218978778 5053.555218978773 -99.98021195066299806
5060.825138605303 5060.825138605298 -99.98024037636914807
5068.0962973892 5068.096297389196 -99.98026872534921808
5075.36869379686 5075.368693796856 -99.98029699790625809
5082.642326298464 5082.64232629846 -99.98032519434173810
5089.91719336797 5089.917193367965 -99.98035331495555811
5097.193293483098 5097.193293483094 -99.98038136004607812
5104.47062512532 5104.470625125316 -99.98040932991009813
5111.749186779842 5111.749186779837 -99.9804372248429814
5119.028976935591 5119.028976935587 -99.98046504513825815
5126.309994085206 5126.309994085202 -99.98049279108837816
5133.592236725017 5133.592236725012 -99.98052046298397817
5140.875703355036 5140.875703355031 -99.98054806111433818
5148.160392478942 5148.160392478937 -99.9805755857672819
5155.446302604068 5155.446302604064 -99.9806030372288820
5162.733432241391 5162.733432241386 -99.98063041578402821
5170.02177990551 5170.021779905505 -99.98065772171616822
5177.311344114642 5177.311344114637 -99.98068495530713823
5184.602123390602 5184.602123390598 -99.98071211683741824
5191.894116258796 5191.894116258792 -99.98073920658604825
5199.187321248202 5199.187321248198 -99.9807662248306826
5206.481736891362 5206.481736891357 -99.98079317184734827
5213.777361724364 5213.777361724359 -99.98082004791102828
5221.074194286834 5221.07419428683 -99.98084685329508829
5228.372233121922 5228.372233121918 -99.98087358827151830
5235.671476776288 5235.671476776283 -99.98090025311099831
5242.971923800088 5242.971923800083 -99.98092684808276832
5250.273572746965 5250.273572746961 -99.98095337345477833
5257.576422174035 5257.57642217403 -99.98097982949355834
5264.880470641871 5264.880470641867 -99.98100621646435835
5272.185716714499 5272.185716714494 -99.98103253463105836
5279.492158959375 5279.49215895937 -99.98105878425622837
5286.799795947381 5286.799795947377 -99.9810849656011838
5294.108626252811 5294.108626252806 -99.98111107892562839
5301.418648453353 5301.418648453348 -99.98113712448844840
5308.729861130086 5308.729861130081 -99.98116310254687841
5316.042262867461 5316.042262867456 -99.981189013357842
5323.355852253291 5323.355852253287 -99.98121485717357843
5330.670627878742 5330.670627878738 -99.98124063425013844
5337.986588338316 5337.986588338312 -99.98126634483891845
5345.303732229843 5345.303732229839 -99.98129198919091846
5352.622058154467 5352.622058154462 -99.98131756755586847
5359.941564716634 5359.94156471663 -99.9813430801823848
5367.262250524085 5367.262250524081 -99.9813685273175849
5374.584114187837 5374.584114187833 -99.98139390920751850
5381.907154322178 5381.907154322173 -99.98141922609717851
5389.23136954465 5389.231369544646 -99.98144447823013852
5396.556758476042 5396.556758476037 -99.98146966584881853
5403.883319740376 5403.883319740372 -99.98149478919444854
5411.211051964899 5411.211051964894 -99.98151984850708855
5418.539953780064 5418.539953780059 -99.98154484402562856
5425.870023819529 5425.870023819524 -99.98156977598774857
5433.201260720137 5433.201260720132 -99.98159464462996858
5440.533663121911 5440.533663121906 -99.98161945018771859
5447.867229668039 5447.867229668034 -99.98164419289517860
5455.201959004865 5455.20195900486 -99.98166887298547861
5462.537849781877 5462.537849781872 -99.98169349069052862
5469.874900651695 5469.874900651691 -99.98171804624114863
5477.213110270066 5477.213110270061 -99.98174253986704864
5484.552477295844 5484.55247729584 -99.9817669717968865
5491.893000390986 5491.893000390982 -99.98179134225789866
5499.23467822054 5499.234678220535 -99.98181565147665867
5506.57750945263 5506.577509452625 -99.98183989967838868
5513.921492758453 5513.921492758448 -99.98186408708725869
5521.266626812261 5521.266626812257 -99.98188821392634870
5528.612910291357 5528.612910291353 -99.98191228041769871
5535.960341876079 5535.960341876074 -99.98193628678226872
5543.308920249791 5543.308920249787 -99.9819602332399873
5550.658644098876 5550.658644098871 -99.98198412000947874
5558.00951211272 5558.009512112715 -99.98200794730874875
5565.361522983706 5565.361522983701 -99.98203171535444876
5572.714675407204 5572.714675407199 -99.98205542436224877
5580.068968081557 5580.068968081552 -99.98207907454685878
5587.424399708074 5587.424399708069 -99.98210266612185879
5594.780968991019 5594.780968991015 -99.9821261992999880
5602.138674637601 5602.138674637597 -99.98214967429257881
5609.497515357963 5609.497515357958 -99.98217309131047882
5616.857489865172 5616.857489865168 -99.98219645056317883
5624.218596875213 5624.218596875208 -99.98221975225927884
5631.580835106973 5631.580835106968 -99.98224299660637885
5638.944203282235 5638.944203282231 -99.98226618381111886
5646.30870012567 5646.308700125665 -99.98228931407908887
5653.674324364821 5653.674324364816 -99.982312387615888
5661.041074730098 5661.041074730093 -99.98233540462252889
5668.408949954767 5668.408949954763 -99.98235836530438890
5675.777948774942 5675.777948774938 -99.9823812698624891
5683.148069929573 5683.148069929568 -99.98240411849736892
5690.519312160436 5690.519312160432 -99.98242691140916893
5697.891674212128 5697.891674212124 -99.98244964879676894
5705.265154832053 5705.265154832048 -99.98247233085814895
5712.639752770413 5712.639752770408 -99.98249495779041896
5720.015466780202 5720.015466780197 -99.98251752978969897
5727.392295617192 5727.392295617187 -99.98254004705126898
5734.770238039928 5734.770238039923 -99.98256250976941899
5742.149292809716 5742.149292809711 -99.98258491813759900
5749.529458690615 5749.52945869061 -99.9826072723483901
5756.910734449427 5756.910734449422 -99.98262957259315902
5764.293118855689 5764.293118855685 -99.98265181906288903
5771.676610681664 5771.676610681659 -99.98267401194735904
5779.061208702329 5779.061208702325 -99.98269615143548905
5786.44691169537 5786.446911695365 -99.98271823771539906
5793.833718441169 5793.833718441165 -99.98274027097426907
5801.221627722802 5801.221627722797 -99.98276225139847908
5808.61063832602 5808.610638326016 -99.98278417917348909
5816.00074903925 5816.000749039245 -99.98280605448392910
5823.391958653579 5823.391958653574 -99.98282787751359911
5830.784265962748 5830.784265962743 -99.98284964844537912
5838.177669763145 5838.17766976314 -99.9828713674614913
5845.572168853794 5845.57216885379 -99.9828930347429914
5852.967762036347 5852.967762036343 -99.98291465047031915
5860.364448115075 5860.36444811507 -99.9829362148232916
5867.762225896859 5867.762225896855 -99.98295772798033917
5875.161094191185 5875.16109419118 -99.98297919011968918
5882.561051810129 5882.561051810125 -99.98300060141838919
5889.962097568356 5889.962097568351 -99.98302196205275920
5897.364230283104 5897.364230283099 -99.98304327219829921
5904.767448774182 5904.767448774178 -99.98306453202976922
5912.171751863959 5912.171751863954 -99.98308574172107923
5919.577138377354 5919.577138377349 -99.98310690144535924
5926.98360714183 5926.983607141826 -99.98312801137497925
5934.391156987388 5934.391156987384 -99.98314907168148926
5941.799786746553 5941.799786746548 -99.98317008253568927
5949.209495254369 5949.209495254365 -99.98319104410758928
5956.620281348392 5956.620281348388 -99.98321195656644929
5964.032143868681 5964.032143868676 -99.98323282008074930
5971.445081657786 5971.445081657782 -99.9832536348182931
5978.859093560748 5978.859093560744 -99.9832744009458932
5986.274178425083 5986.274178425078 -99.98329511862974933
5993.690335100779 5993.690335100774 -99.98331578803548934
6001.107562440286 6001.107562440281 -99.98333640932778935
6008.525859298509 6008.525859298505 -99.9833569826706936
6015.945224532801 6015.945224532797 -99.98337750822719937
6023.365657002953 6023.365657002948 -99.98339798616009938
6030.787155571184 6030.78715557118 -99.98341841663105939
6038.209719102143 6038.209719102138 -99.98343879980119940
6045.633346462889 6045.633346462884 -99.98345913583083941
6053.058036522891 6053.058036522886 -99.9834794248796942
6060.483788154018 6060.483788154013 -99.98349966710646943
6067.910600230533 6067.910600230528 -99.9835198626696944
6075.338471629081 6075.338471629077 -99.98354001172652945
6082.767401228688 6082.767401228683 -99.98356011443406946
6090.197387910747 6090.197387910743 -99.98358017094833947
6097.628430559015 6097.628430559011 -99.98360018142475948
6105.060528059604 6105.060528059599 -99.98362014601807949
6112.493679300972 6112.493679300967 -99.98364006488234950
6119.927883173919 6119.927883173915 -99.98365993817094951
6127.363138571577 6127.363138571573 -99.98367976603656952
6134.799444389403 6134.799444389399 -99.98369954863122953
6142.236799525173 6142.236799525168 -99.98371928610629954
6149.675202878972 6149.675202878967 -99.98373897861245955
6157.114653353189 6157.114653353185 -99.98375862629973956
6164.555149852511 6164.555149852506 -99.98377822931751957
6171.996691283913 6171.996691283908 -99.98379778781448958
6179.439276556651 6179.439276556646 -99.98381730193874959
6186.882904582257 6186.882904582252 -99.98383677183766960
6194.327574274529 6194.327574274525 -99.98385619765804961
6201.773284549527 6201.773284549523 -99.98387557954599962
6209.220034325565 6209.220034325561 -99.98389491764705963
6216.667822523203 6216.667822523198 -99.98391421210601964
6224.116648065238 6224.116648065234 -99.98393346306716965
6231.566509876704 6231.566509876699 -99.98395267067407966
6239.017406884857 6239.017406884853 -99.98397183506972967
6246.469338019174 6246.469338019169 -99.98399095639647968
6253.922302211342 6253.922302211337 -99.98401003479607969
6261.376298395254 6261.376298395249 -99.98402907040963970
6268.831325507001 6268.831325506996 -99.98404806337768971
6276.287382484865 6276.28738248486 -99.98406701384013972
6283.744468269313 6283.744468269309 -99.98408592193628973
6291.202581802991 6291.202581802986 -99.98410478780485974
6298.661722030713 6298.661722030709 -99.98412361158393975
6306.121887899462 6306.121887899458 -99.98414239341102976
6313.583078358375 6313.583078358371 -99.98416113342307977
6321.045292358742 6321.045292358737 -99.98417983175642978
6328.508528853996 6328.508528853991 -99.98419848854678979
6335.97278679971 6335.972786799705 -99.98421710392937980
6343.438065153588 6343.438065153583 -99.98423567803873981
6350.904362875457 6350.904362875453 -99.9842542110089982
6358.371678927266 6358.371678927261 -99.98427270297333983
6365.840012273073 6365.840012273068 -99.98429115406488984
6373.309361879043 6373.309361879038 -99.98430956441584985
6380.779726713439 6380.779726713435 -99.98432793415797986
6388.251105746619 6388.251105746614 -99.98434626342248987
6395.723497951025 6395.72349795102 -99.98436455233993988
6403.19690230118 6403.196902301175 -99.98438280104044989
6410.67131777368 6410.671317773676 -99.98440100965351990
6418.146743347191 6418.146743347186 -99.98441917830812991
6425.623178002437 6425.623178002433 -99.98443730713267992
6433.1006207222 6433.100620722195 -99.98445539625506993
6440.579070491308 6440.579070491303 -99.98447344580262994
6448.058526296633 6448.058526296629 -99.98449145590217995
6455.538987127085 6455.53898712708 -99.98450942667996996
6463.0204519736 6463.020451973595 -99.98452735826173997
6470.502919829142 6470.502919829138 -99.98454525077271998
6477.986389688693 6477.986389688688 -99.98456310433754999
